4294967278,14
4294967278,13
4294967278,17
4294967278,16
4294967278,15
4294967278,299
4294967279,389
4294967278,321
4294967279,387
4294967278,22
4294967278,21
4294967278,20
4294967278,19
4294967278,18
4294967278,320
4294967279,451
4294967278,319
4294967279,152
4294967278,151
4294967278,33
4294967278,32
4294967278,31
4294967278,30
4294967278,29
4294967278,28
4294967278,27
4294967278,26
4294967278,25
4294967278,24
4294967278,23
4294967279,298
4294967278,298
4294967278,394
4294967278,62
4294967278,61
4294967278,60
4294967278,59
4294967278,58
4294967278,57
4294967278,56
4294967278,55
4294967278,54
4294967278,53
4294967278,52
4294967278,51
4294967278,50
4294967278,49
4294967278,48
4294967278,47
4294967278,46
4294967278,45
4294967278,44
4294967278,43
4294967278,42
4294967278,41
4294967278,40
4294967278,39
4294967278,38
4294967278,292
4294967278,37
4294967278,36
4294967278,35
4294967278,34
4294967279,414
4294967279,89
4294967279,445
4294967279,85
4294967279,84
4294967279,444
4294967279,83
4294967279,82
4294967279,407
4294967279,81
4294967279,406
4294967279,80
4294967279,448
4294967279,78
4294967279,435
4294967279,396
4294967279,73
4294967279,72
4294967279,71
4294967279,70
4294967279,69
4294967279,68
4294967279,66
4294967279,65
4294967279,63
4294967279,62
4294967279,61
4294967279,60
4294967279,59
4294967279,57
4294967279,55
4294967279,52
4294967279,50
4294967279,49
4294967279,48
4294967279,47
4294967279,46
4294967279,44
4294967279,42
4294967279,41
4294967279,39
4294967279,36
4294967279,34
4294967279,31
4294967279,30
4294967279,29
4294967279,27
4294967279,21
4294967279,20
4294967279,14
4294967279,13
4294967279,12
4294967279,11
4294967279,306
4294967279,149
4294967279,148
4294967279,147
4294967279,146
4294967279,145
4294967279,143
4294967279,28
4294967279,142
124,4
4294967279,141
124,3
124,2
124,1
4294967279,293
4294967279,140
4294967294,1152
4294967294,1159
4294967294,173
4294967294,176
4294967294,1067
4294967294,162
4294967279,137
4294967279,461
4294967279,26
4294967279,278
123,6
4294967294,409
4294967294,396
4294967294,425
4294967294,168
4294967294,406
4294967294,401
4294967294,111
4294967294,456
4294967294,466
4294967294,451
4294967294,180
4294967279,24
4294967279,136
4294967279,277
4294967279,135
123,5
4294967279,19
4294967279,291
123,4
4294967279,290
123,3
123,2
123,1
4294967279,283
4294967294,1241
4294967279,274
4294967279,16
4294967279,271
4294967279,17
4294967279,282
122,5
4294967279,270
4294967279,269
122,4
122,3
122,2
122,1
4294967279,287
4294967279,267
4294967294,430
4294967279,266
121,4
4294967279,265
121,3
121,2
121,1
4294967279,264
4294967279,284
4294967279,429
120,5
4294967279,259
4294967279,258
120,4
4294967278,374
120,3
120,2
120,1
4294967278,357
4294967278,373
4294967278,359
4294967278,256
4294967278,356
4294967278,255
4294967278,354
4294967278,372
4294967278,371
4294967278,369
4294967278,370
4294967278,368
4294967278,249
4294967278,248
4294967278,251
4294967278,247
4294967294,387
4294967294,388
4294967278,245
4294967278,243
4294967278,238
4294967278,237
119,4
4294967278,236
119,3
119,2
119,1
4294967278,235
4294967294,1087
4294967278,234
4294967278,228
4294967294,1160
4294967294,114
4294967278,231
4294967278,229
118,6
4294967278,226
4294967278,347
4294967278,224
118,5
4294967278,220
118,4
4294967278,218
118,3
118,2
118,1
4294967278,217
4294967294,1078
4294967278,216
4294967294,120
4294967278,212
4294967278,384
4294967278,381
117,5
4294967278,211
4294967278,210
117,4
117,3
117,2
117,1
4294967278,209
4294967278,208
4294967278,207
116,4
4294967278,206
116,3
116,2
116,1
4294967278,346
4294967294,477
4294967278,205
4294967278,202
4294967294,392
4294967294,46
4294967294,389
4294967294,115
4294967278,345
4294967278,344
4294967279,204
115,5
4294967278,201
4294967279,202
4294967278,200
115,4
115,3
115,2
115,1
4294967279,436
4294967278,199
0,7
4294967294,390
4294967279,200
4294967294,68
4294967294,11
4294967278,390
4294967278,379
4294967278,196
4294967278,385
4294967279,449
4294967278,340
4294967294,397
4294967294,414
4294967294,386
4294967294,1243
4294967294,421
4294967294,407
4294967294,179
4294967294,411
4294967294,420
4294967294,167
4294967294,183
4294967294,116
4294967294,454
4294967294,118
4294967294,470
4294967294,113
4294967294,191
4294967294,449
4294967294,89
4294967279,195
4294967279,408
4294967278,313
4294967278,364
4294967278,338
4294967278,191
4294967278,339
4294967279,460
4294967279,411
4294967294,1
4294967294,1068
4294967294,2
